48.46
25.43
25.68
23.93
20.34
26.28
23.91
24.2
36.79
26.75
24.56
45.85
26.98
27.07
16.91
27.62
27.88
21.08
26.57
37.95
28.18
21.41
21.5
22.52
38.2
26.86
27.11
23.03
17.05
18.83
29.22
29.49
17.56
27.97
48.69
17.75
19.69
39.64
48.92
9.57
24.2
39.89
21.06
40
30.27
40.25
40.54
28.94
30.92
29.13
11.37
21.85
9.9
11.74
22.42
11.97
12.16
22.65
12.23
23.99
30.56
48.62
30.87
48.9
49.21
17.65
50.02
20.95
50.26
50.99
20.96
42.17
22.97
21.64
15.86
44.91
23.29
23.38
21.66
20.29
14.82
23.82
21.86
38.23
19.88
43.55
43.63
22.15
20.35
10.67
24.28
18.18
21.61
43.99
15.52
24.48
46.33
9.75
18.7
20.86
24.74
47
32.18
22.59
25.1
21.41
11.88
16.24
27.57
22
45.67
27.8
15.3
28.91
29.18
47.73
29.82
24.26
47.95
16.54
14.98
22.44
27.89
40.56
28.01
27.05
27.3
41.61
51.24
41.82
27.96
28.03
19.64
22.75
28.1
23.12
52.16
52.28
28.63
28.86
16.52
16.54
29.01
34.6
43.35
29.31
29.27
53.02
29.45
43.62
53.27
10.96
22.7
29.7
53.52
29.87
29.82
22.95
24.32
53.81
44.51
24.67
24.82
24.99
11.44
18.67
12.03
12.23
19.72
23.79
27.66
12.84
36.82
13.52
20.83
37.93
21.42
14.71
21.85
14.9
15.12
22.71
15.29
22.92
15.57
40.26
23.17
36.13
16.57
36.56
26.54
35.29
6.01
16.79
16.84
37.95
35.54
17.43
25.8
27.9
18.05
7.49
28.19
14.96
7.7
28.4
22.74
15.49
15.23
8.02
28.73
18.28
28.86
28.92
28.98
8.48
29.19
29.23
44
16.77
44.13
11.98
38.31
17.11
12.25
18.53
30.06
19.07
8.85
9.12
20.91
34.73
9.88
21.31
13.91
21.94
39.15
22.25
14.87
39.49
41.08
24.98
41.37
25.21
20.84
20.92
35.68
25.82
21.23
21.26
20.45
20.63
26.12
20.73
20.88
26.38
42.78
21.16
26.61
32.5
44.13
44.39
16.61
42.32
42.59
18.76
23.14
48.67
20.68
48.91
22.26
43.49
23.65
38.4
22.53
29.92
31.01
16.1
21.11
23.85
20.54
33.04
38.09
21.89
38.64
22.42
34.15
39.33
23.45
7.66
20.11
40.1
20.41
38.24
8.42
24.24
24.37
18.81
24.73
8.72
17.97
22.92
15.96
23.21
19.04
16.41
23.46
23.48
23.56
23.57
23.63
23.69
23.81
23.84
23.9
23.99
17.05
24.05
32.75
17.52
14.49
19.88
22.71
21.05
32.12
11.62
20.67
9.66
23.37
23.49
18.48
26.74
19.83
22.51
26.89
19.95
21.82
30.92
27.28
15.73
44.22
44.31
14.05
19.04
22.29
16.42
17
7.99
16.63
20.43
16.92
8.56
15.26
17.53
15.55
9.59
18.22
21.95
22.61
22.97
20.16
23.95
39.1
24.28
20.71
24.28
39.7
24.43
24.49
18.2
24.27
18.5
40.27
37.38
25.96
44.67
19.23
37.67
26.46
19.73
41.88
26.96
29.99
20.8
27.59
20.96
29.53
8.99
30.07
18.99
9.42
24.97
28.02
10.03
10.59
11.41
10.78
19.49
11.78
19.1
20.14
20.48
20.77
20.45
36.62
12.57
19.94
36.8
20.73
20.26
13.16
37.21
37.36
21.35
13.66
9.95
21.49
21.8
37.95
23.09
22.65
26.37
22.93
34.38
23.44
23.72
27.79
18.24
35.18
23.99
24.1
18.54
24.26
35.49
28.23
28.58
36.95
25.93
37.16
37.35
26.21
37.48
26.48
37.69
37.91
22.14
45.48
30.67
26.85
38.08
22.31
30.86
35.37
34.23
45.83
22.56
49.16
34.28
31.13
46.08
49.41
49.66
46.63
31.82
49.91
36.39
32.01
50.18
50.43
34.64
29.39
32.79
34.91
35.21
35.44
35.73
36.02
36.8
37.34
37.63
23.31
22.04
23.85
23.98
25.04
12.31
12.53
26.54
20.89
26.52
20.26
21.61
21.98
22.9
28.3
28.49
15.32
24.39
24.68
28.36
23.62
23.66
24.44
24.25
31.68
24.85
25.38
25.31
25.08
24.16
17.23
26.07
25.79
26.32
26.12
17.66
25.18
26.33
26.84
17.91
33.25
25.41
25.6
18.14
18.2
26.74
11.86
44.09
25.98
27.68
16.49
26.29
27.54
26.52
26.58
26.79
26.66
26.89
27.96
28.49
27.21
20.88
17.37
35.13
27.33
28.42
28.72
20.53
21.81
27.06
45.17
27.3
45.42
41.2
28.05
17.58
28.65
22.18
19.71
19.94
29.8
24.54
23.27
24.84
23.54
34.19
35.44
25.6
35.52
25.17
25.24
20.39
26.01
32.11
26.33
26.91
26.43
26.49
37.26
27.43
29.39
29.51
28.65
29.58
28.27
33.67
25.7
29.25
30.21
34.06
28.84
30.46
34.36
23.62
34.29
30.73
16.8
28.11
29.32
30.84
34.64
29.53
34.82
21.16
31.07
31.12
29.66
29.75
27.43
21.26
30.68
21.83
22.63
23.53
23.12
28.46
23.94
24.57
24.17
33.46
18.86
20.98
34.93
34.64
35.15
35.19
35.44
26.48
27.06
14.79
24.47
48.46
25.43
25.68
23.93
20.34
26.28
23.91
24.2
36.79
26.75
24.56
45.85
26.98
27.07
16.91
27.62
27.88
21.08
26.57
37.95
28.18
21.41
21.5
22.52
38.2
26.86
27.11
23.03
17.05
18.83
29.22
29.49
17.56
27.97
48.69
17.75
19.69
39.64
48.92
9.57
24.2
39.89
21.06
40
30.27
40.25
40.54
28.94
30.92
29.13
11.37
21.85
9.9
11.74
22.42
11.97
12.16
22.65
12.23
23.99
30.56
48.62
30.87
48.9
49.21
17.65
50.02
20.95
50.26
50.99
20.96
42.17
22.97
21.64
15.86
44.91
23.29
23.38
21.66
20.29
14.82
23.82
21.86
38.23
19.88
43.55
43.63
22.15
20.35
10.67
24.28
18.18
21.61
43.99
15.52
24.48
46.33
9.75
18.7
20.86
24.74
47
32.18
22.59
25.1
21.41
11.88
16.24
27.57
22
45.67
27.8
15.3
28.91
29.18
47.73
29.82
24.26
47.95
16.54
14.98
22.44
27.89
40.56
28.01
27.05
27.3
41.61
51.24
41.82
27.96
28.03
19.64
22.75
28.1
23.12
52.16
52.28
28.63
28.86
16.52
16.54
29.01
34.6
43.35
29.31
29.27
53.02
29.45
43.62
53.27
10.96
22.7
29.7
53.52
29.87
29.82
22.95
24.32
53.81
44.51
24.67
24.82
24.99
11.44
18.67
12.03
12.23
19.72
23.79
27.66
12.84
36.82
13.52
20.83
37.93
21.42
14.71
21.85
14.9
15.12
22.71
15.29
22.92
15.57
40.26
23.17
36.13
16.57
36.56
26.54
35.29
6.01
16.79
16.84
37.95
35.54
17.43
25.8
27.9
18.05
7.49
28.19
14.96
7.7
28.4
22.74
15.49
15.23
8.02
28.73
18.28
28.86
28.92
28.98
8.48
29.19
29.23
44
16.77
44.13
11.98
38.31
17.11
12.25
18.53
30.06
19.07
8.85
9.12
20.91
34.73
9.88
21.31
13.91
21.94
39.15
22.25
14.87
39.49
41.08
24.98
41.37
25.21
20.84
20.92
35.68
25.82
21.23
21.26
20.45
20.63
26.12
20.73
20.88
26.38
42.78
21.16
26.61
32.5
44.13
44.39
16.61
42.32
42.59
18.76
23.14
48.67
20.68
48.91
22.26
43.49
23.65
38.4
22.53
29.92
31.01
16.1
21.11
23.85
20.54
33.04
38.09
21.89
38.64
22.42
34.15
39.33
23.45
7.66
20.11
40.1
20.41
38.24
8.42
24.24
24.37
18.81
24.73
8.72
17.97
22.92
15.96
23.21
19.04
16.41
23.46
23.48
23.56
23.57
23.63
23.69
23.81
23.84
23.9
23.99
17.05
24.05
32.75
17.52
14.49
19.88
22.71
21.05
32.12
11.62
20.67
9.66
23.37
23.49
18.48
26.74
19.83
22.51
26.89
19.95
21.82
30.92
27.28
15.73
44.22
44.31
14.05
19.04
22.29
16.42
17
7.99
16.63
20.43
16.92
8.56
15.26
17.53
15.55
9.59
18.22
21.95
22.61
22.97
20.16
23.95
39.1
24.28
20.71
24.28
39.7
24.43
24.49
18.2
24.27
18.5
40.27
37.38
25.96
44.67
19.23
37.67
26.46
19.73
41.88
26.96
29.99
20.8
27.59
20.96
29.53
8.99
30.07
18.99
9.42
24.97
28.02
10.03
10.59
11.41
10.78
19.49
11.78
19.1
20.14
20.48
20.77
20.45
36.62
12.57
19.94
36.8
20.73
20.26
13.16
37.21
37.36
21.35
13.66
9.95
21.49
21.8
37.95
23.09
22.65
26.37
22.93
34.38
23.44
23.72
27.79
18.24
35.18
23.99
24.1
18.54
24.26
35.49
28.23
28.58
36.95
25.93
37.16
37.35
26.21
37.48
26.48
37.69
37.91
22.14
45.48
30.67
26.85
38.08
22.31
30.86
35.37
34.23
45.83
22.56
49.16
34.28
31.13
46.08
49.41
49.66
46.63
31.82
49.91
36.39
32.01
50.18
50.43
34.64
29.39
32.79
34.91
35.21
35.44
35.73
36.02
36.8
37.34
37.63
23.31
22.04
23.85
23.98
25.04
12.31
12.53
26.54
20.89
26.52
20.26
21.61
21.98
22.9
28.3
28.49
15.32
24.39
24.68
28.36
23.62
23.66
24.44
24.25
31.68
24.85
25.38
25.31
25.08
24.16
17.23
26.07
25.79
26.32
26.12
17.66
25.18
26.33
26.84
17.91
33.25
25.41
25.6
18.14
18.2
26.74
11.86
44.09
25.98
27.68
16.49
26.29
27.54
26.52
26.58
26.79
26.66
26.89
27.96
28.49
27.21
20.88
17.37
35.13
27.33
28.42
28.72
20.53
21.81
27.06
45.17
27.3
45.42
41.2
28.05
17.58
28.65
22.18
19.71
19.94
29.8
24.54
23.27
24.84
23.54
34.19
35.44
25.6
35.52
25.17
25.24
20.39
26.01
32.11
26.33
26.91
26.43
26.49
37.26
27.43
29.39
29.51
28.65
29.58
28.27
33.67
25.7
29.25
30.21
34.06
28.84
30.46
34.36
23.62
34.29
30.73
16.8
28.11
29.32
30.84
34.64
29.53
34.82
21.16
31.07
31.12
29.66
29.75
27.43
21.26
30.68
21.83
22.63
23.53
23.12
28.46
23.94
24.57
24.17
33.46
18.86
20.98
34.93
34.64
35.15
35.19
35.44
26.48
27.06
14.79
24.47
48.46
25.43
25.68
23.93
20.34
26.28
23.91
24.2
36.79
26.75
24.56
45.85
26.98
27.07
16.91
27.62
27.88
21.08
26.57
37.95
28.18
21.41
21.5
22.52
38.2
26.86
27.11
23.03
17.05
18.83
29.22
29.49
17.56
27.97
48.69
17.75
19.69
39.64
48.92
9.57
24.2
39.89
21.06
40
30.27
40.25
40.54
28.94
30.92
29.13
11.37
21.85
9.9
11.74
22.42
11.97
12.16
22.65
12.23
23.99
30.56
48.62
30.87
48.9
49.21
17.65
50.02
20.95
50.26
50.99
20.96
42.17
22.97
21.64
15.86
44.91
23.29
23.38
21.66
20.29
14.82
23.82
21.86
38.23
19.88
43.55
43.63
22.15
20.35
10.67
24.28
18.18
21.61
43.99
15.52
24.48
46.33
9.75
18.7
20.86
24.74
47
32.18
22.59
25.1
21.41
11.88
16.24
27.57
22
45.67
27.8
15.3
28.91
29.18
47.73
29.82
24.26
47.95
16.54
14.98
22.44
27.89
40.56
28.01
27.05
27.3
41.61
51.24
41.82
27.96
28.03
19.64
22.75
28.1
23.12
52.16
52.28
28.63
28.86
16.52
16.54
29.01
34.6
43.35
29.31
29.27
53.02
29.45
43.62
53.27
10.96
22.7
29.7
53.52
29.87
29.82
22.95
24.32
53.81
44.51
24.67
24.82
24.99
11.44
18.67
12.03
12.23
19.72
23.79
27.66
12.84
36.82
13.52
20.83
37.93
21.42
14.71
21.85
14.9
15.12
22.71
15.29
22.92
15.57
40.26
23.17
36.13
16.57
36.56
26.54
35.29
6.01
16.79
16.84
37.95
35.54
17.43
25.8
27.9
18.05
7.49
28.19
14.96
7.7
28.4
22.74
15.49
15.23
8.02
28.73
18.28
28.86
28.92
28.98
8.48
29.19
29.23
44
16.77
44.13
11.98
38.31
17.11
12.25
18.53
30.06
19.07
8.85
9.12
20.91
34.73
9.88
21.31
13.91
21.94
39.15
22.25
14.87
39.49
41.08
24.98
41.37
25.21
20.84
20.92
35.68
25.82
21.23
21.26
20.45
20.63
26.12
20.73
20.88
26.38
42.78
21.16
26.61
32.5
44.13
44.39
16.61
42.32
42.59
18.76
23.14
48.67
20.68
48.91
22.26
43.49
23.65
38.4
22.53
29.92
31.01
16.1
21.11
23.85
20.54
33.04
38.09
21.89
38.64
22.42
34.15
39.33
23.45
7.66
20.11
40.1
20.41
38.24
8.42
24.24
24.37
18.81
24.73
8.72
17.97
22.92
15.96
23.21
19.04
16.41
23.46
23.48
23.56
23.57
23.63
23.69
23.81
23.84
23.9
23.99
17.05
24.05
32.75
17.52
14.49
19.88
22.71
21.05
32.12
11.62
20.67
9.66
23.37
23.49
18.48
26.74
19.83
22.51
26.89
19.95
21.82
30.92
27.28
15.73
44.22
44.31
14.05
19.04
22.29
16.42
17
7.99
16.63
20.43
16.92
8.56
15.26
17.53
15.55
9.59
18.22
21.95
22.61
22.97
20.16
23.95
39.1
24.28
20.71
24.28
39.7
24.43
24.49
18.2
24.27
18.5
40.27
37.38
25.96
44.67
19.23
37.67
26.46
19.73
41.88
26.96
29.99
20.8
27.59
20.96
29.53
8.99
30.07
18.99
9.42
24.97
28.02
10.03
10.59
11.41
10.78
19.49
11.78
19.1
20.14
20.48
20.77
20.45
36.62
12.57
19.94
36.8
20.73
20.26
13.16
37.21
37.36
21.35
13.66
9.95
21.49
21.8
37.95
23.09
22.65
26.37
22.93
34.38
23.44
23.72
27.79
18.24
35.18
23.99
24.1
18.54
24.26
35.49
28.23
28.58
36.95
25.93
37.16
37.35
26.21
37.48
26.48
37.69
37.91
22.14
45.48
30.67
26.85
38.08
22.31
30.86
35.37
34.23
45.83
22.56
49.16
34.28
31.13
46.08
49.41
49.66
46.63
31.82
49.91
36.39
32.01
50.18
50.43
34.64
29.39
32.79
34.91
35.21
35.44
35.73
36.02
36.8
37.34
37.63
23.31
22.04
23.85
23.98
25.04
12.31
12.53
26.54
20.89
26.52
20.26
21.61
21.98
22.9
28.3
28.49
15.32
24.39
24.68
28.36
23.62
23.66
24.44
24.25
31.68
24.85
25.38
25.31
25.08
24.16
17.23
26.07
25.79
26.32
26.12
17.66
25.18
26.33
26.84
17.91
33.25
25.41
25.6
18.14
18.2
26.74
11.86
44.09
25.98
27.68
16.49
26.29
27.54
26.52
26.58
26.79
26.66
26.89
27.96
28.49
27.21
20.88
17.37
35.13
27.33
28.42
28.72
20.53
21.81
27.06
45.17
27.3
45.42
41.2
28.05
17.58
28.65
22.18
19.71
19.94
29.8
24.54
23.27
24.84
23.54
34.19
35.44
25.6
35.52
25.17
25.24
20.39
26.01
32.11
26.33
26.91
26.43
26.49
37.26
27.43
29.39
29.51
28.65
29.58
28.27
33.67
25.7
29.25
30.21
34.06
28.84
30.46
34.36
23.62
34.29
30.73
16.8
28.11
29.32
30.84
34.64
29.53
34.82
21.16
31.07
31.12
29.66
29.75
27.43
21.26
30.68
21.83
22.63
23.53
23.12
28.46
23.94
24.57
24.17
33.46
18.86
20.98
34.93
34.64
35.15
35.19
35.44
26.48
27.06
14.79
24.47
48.46
25.43
25.68
23.93
20.34
26.28
23.91
24.2
36.79
26.75
24.56
45.85
26.98
27.07
16.91
27.62
27.88
21.08
26.57
37.95
28.18
21.41
21.5
22.52
38.2
26.86
27.11
23.03
17.05
18.83
29.22
29.49
17.56
27.97
48.69
17.75
19.69
39.64
48.92
9.57
24.2
39.89
21.06
40
30.27
40.25
40.54
28.94
30.92
29.13
11.37
21.85
9.9
11.74
22.42
11.97
12.16
22.65
12.23
23.99
30.56
48.62
30.87
48.9
49.21
17.65
50.02
20.95
50.26
50.99
20.96
42.17
22.97
21.64
15.86
44.91
23.29
23.38
21.66
20.29
14.82
23.82
21.86
38.23
19.88
43.55
43.63
22.15
20.35
10.67
24.28
18.18
21.61
43.99
15.52
24.48
46.33
9.75
18.7
20.86
24.74
47
32.18
22.59
25.1
21.41
11.88
16.24
27.57
22
45.67
27.8
15.3
28.91
29.18
47.73
29.82
24.26
47.95
16.54
14.98
22.44
27.89
40.56
28.01
27.05
27.3
41.61
51.24
41.82
27.96
28.03
19.64
22.75
28.1
23.12
52.16
52.28
28.63
28.86
16.52
16.54
29.01
34.6
43.35
29.31
29.27
53.02
29.45
43.62
53.27
10.96
22.7
29.7
53.52
29.87
29.82
22.95
24.32
53.81
44.51
24.67
24.82
24.99
11.44
18.67
12.03
12.23
19.72
23.79
27.66
12.84
36.82
13.52
20.83
37.93
21.42
14.71
21.85
14.9
15.12
22.71
15.29
22.92
15.57
40.26
23.17
36.13
16.57
48.46
25.43
25.68
23.93
20.34
26.28
23.91
24.2
36.79
26.75
24.56
45.85
26.98
27.07
16.91
27.62
27.88
21.08
26.57
37.95
28.18
21.41
21.5
22.52
38.2
26.86
27.11
23.03
17.05
18.83
29.22
29.49
17.56
27.97
48.69
17.75
19.69
39.64
48.92
9.57
24.2
39.89
21.06
40
30.27
40.25
40.54
28.94
30.92
29.13
11.37
21.85
9.9
11.74
22.42
11.97
12.16
22.65
12.23
23.99
30.56
48.62
30.87
48.9
49.21
17.65
50.02
20.95
50.26
50.99
20.96
42.17
22.97
21.64
15.86
44.91
23.29
23.38
21.66
20.29
14.82
23.82
21.86
38.23
19.88
43.55
43.63
22.15
20.35
10.67
24.28
18.18
21.61
43.99
15.52
24.48
46.33
9.75
18.7
20.86
24.74
47
32.18
22.59
25.1
21.41
11.88
16.24
27.57
22
45.67
27.8
15.3
28.91
29.18
47.73
29.82
24.26
47.95
16.54
14.98
22.44
27.89
40.56
28.01
27.05
27.3
41.61
51.24
41.82
27.96
28.03
19.64
22.75
28.1
23.12
52.16
52.28
28.63
28.86
16.52
16.54
29.01
34.6
43.35
29.31
29.27
53.02
29.45
43.62
53.27
10.96
22.7
48.46
25.43
25.68
23.93
20.34
26.28
23.91
24.2
36.79
26.75
24.56
45.85
26.98
27.07
16.91
27.62
27.88
21.08
26.57
37.95
28.18
21.41
21.5
22.52
38.2
26.86
27.11
23.03
17.05
18.83
29.22
29.49
17.56
27.97
48.69
17.75
19.69
39.64
48.92
9.57
24.2
39.89
21.06
40
30.27
40.25
40.54
28.94
30.92
29.13
11.37
21.85
9.9
11.74
22.42
11.97
12.16
22.65
12.23
23.99
30.56
48.62
30.87
48.9
49.21
17.65
50.02
20.95
50.26
50.99
20.96
42.17
22.97
21.64
15.86
44.91
23.29
23.38
21.66
20.29
14.82
23.82
21.86
38.23
19.88
43.55
43.63
22.15
20.35
10.67
24.28
18.18
21.61
43.99
15.52
24.48
46.33
9.75
18.7
20.86
24.74
47
32.18
22.59
25.1
21.41
11.88
16.24
27.57
22
45.67
27.8
15.3
28.91
29.18
47.73
29.82
24.26
47.95
16.54
14.98
22.44
27.89
40.56
28.01
27.05
27.3
41.61
51.24
41.82
27.96
28.03
19.64
22.75
28.1
23.12
52.16
52.28
28.63
28.86
16.52
16.54
29.01
34.6
43.35
29.31
29.27
53.02
29.45
43.62
53.27
10.96
22.7
29.7
53.52
29.87
29.82
22.95
24.32
53.81
44.51
24.67
24.82
24.99
11.44
18.67
12.03
12.23
19.72
23.79
27.66
12.84
36.82
13.52
20.83
37.93
21.42
14.71
21.85
14.9
15.12
22.71
15.29
22.92
15.57
40.26
23.17
36.13
16.57
36.56
26.54
35.29
6.01
16.79
16.84
37.95
35.54
17.43
25.8
27.9
18.05
7.49
28.19
14.96
7.7
28.4
22.74
15.49
15.23
8.02
28.73
18.28
28.86
28.92
28.98
8.48
29.19
29.23
44
16.77
44.13
11.98
38.31
17.11
12.25
18.53
30.06
19.07
8.85
9.12
20.91
34.73
9.88
21.31
13.91
21.94
39.15
22.25
14.87
39.49
41.08
24.98
41.37
25.21
20.84
20.92
35.68
25.82
21.23
21.26
20.45
20.63
26.12
20.73
20.88
26.38
42.78
21.16
26.61
32.5
44.13
44.39
16.61
42.32
42.59
18.76
23.14
48.67
20.68
48.91
22.26
43.49
23.65
38.4
22.53
29.92
31.01
16.1
21.11
23.85
20.54
33.04
38.09
21.89
38.64
22.42
34.15
39.33
23.45
7.66
20.11
40.1
20.41
38.24
8.42
24.24
24.37
18.81
24.73
8.72
17.97
22.92
15.96
23.21
19.04
16.41
23.46
23.48
23.56
23.57
23.63
23.69
23.81
23.84
23.9
23.99
17.05
24.05
32.75
17.52
14.49
19.88
22.71
21.05
32.12
11.62
20.67
9.66
23.37
23.49
18.48
26.74
19.83
22.51
26.89
19.95
21.82
30.92
27.28
15.73
44.22
44.31
14.05
19.04
22.29
16.42
17
7.99
16.63
20.43
16.92
8.56
15.26
17.53
15.55
9.59
18.22
21.95
22.61
22.97
20.16
23.95
39.1
24.28
20.71
24.28
39.7
24.43
24.49
18.2
24.27
18.5
40.27
37.38
25.96
44.67
19.23
37.67
26.46
19.73
41.88
26.96
29.99
20.8
27.59
20.96
29.53
8.99
30.07
18.99
9.42
24.97
28.02
10.03
10.59
11.41
10.78
19.49
11.78
19.1
20.14
20.48
20.77
20.45
36.62
12.57
19.94
36.8
20.73
20.26
13.16
37.21
37.36
21.35
13.66
9.95
21.49
21.8
37.95
23.09
22.65
26.37
22.93
34.38
23.44
23.72
27.79
18.24
35.18
23.99
24.1
18.54
24.26
35.49
28.23
28.58
36.95
25.93
37.16
37.35
26.21
37.48
26.48
37.69
37.91
22.14
45.48
30.67
26.85
38.08
22.31
30.86
35.37
34.23
45.83
22.56
49.16
34.28
31.13
46.08
49.41
49.66
46.63
31.82
49.91
36.39
32.01
50.18
50.43
34.64
29.39
32.79
34.91
35.21
35.44
35.73
36.02
36.8
37.34
37.63
23.31
22.04
23.85
23.98
25.04
12.31
12.53
26.54
20.89
26.52
20.26
21.61
21.98
22.9
28.3
28.49
15.32
24.39
24.68
28.36
23.62
23.66
24.44
24.25
31.68
24.85
25.38
25.31
25.08
24.16
17.23
26.07
25.79
26.32
26.12
17.66
25.18
26.33
26.84
17.91
33.25
25.41
25.6
18.14
18.2
26.74
11.86
44.09
25.98
27.68
16.49
26.29
27.54
26.52
26.58
26.79
26.66
26.89
27.96
28.49
27.21
20.88
17.37
35.13
27.33
28.42
28.72
20.53
21.81
27.06
45.17
27.3
45.42
41.2
28.05
17.58
28.65
22.18
19.71
19.94
29.8
24.54
23.27
24.84
23.54
34.19
35.44
25.6
35.52
25.17
25.24
20.39
26.01
32.11
26.33
26.91
26.43
26.49
37.26
27.43
29.39
29.51
28.65
29.58
28.27
33.67
25.7
29.25
30.21
34.06
28.84
30.46
34.36
23.62
34.29
30.73
16.8
28.11
29.32
30.84
34.64
29.53
34.82
21.16
31.07
31.12
29.66
29.75
27.43
21.26
30.68
21.83
22.63
23.53
23.12
28.46
23.94
24.57
24.17
33.46
18.86
20.98
34.93
34.64
35.15
35.19
35.44
26.48
27.06
14.79
24.47
