44
46
44
100
33
47
27
20
26
59
52
83
45
54
51
54
46
67
88
66
51
74
72
69
72
82
87
74
38
34
49
50
35
83
75
39
85
71
77
119
80
61
68
70
43
68
71
58
55
70
31
51
52
34
37
31
39
43
33
50
83
51
79
51
51
48
52
34
54
53
97
75
86
61
62
50
78
80
22
99
85
87
22
52
87
72
67
22
54
71
84
34
26
71
77
87
60
118
28
72
33
22
109
25
39
22
73
89
82
77
54
76
105
89
84
54
88
68
46
45
32
50
56
64
53
79
73
52
49
57
38
37
85
80
76
94
46
49
30
34
51
43
33
57
55
25
56
53
29
55
47
38
32
27
56
27
76
25
65
50
68
72
73
69
58
65
44
43
63
70
91
36
63
31
48
65
45
33
45
29
35
34
35
41
40
93
43
27
29
29
40
60
125
34
21
50
60
23
81
36
24
112
34
39
117
32
80
85
60
102
22
63
25
18
26
103
25
30
83
53
91
73
56
48
60
58
74
54
27
107
55
52
109
46
29
34
84
41
27
84
55
50
54
62
31
29
69
56
26
26
37
30
51
27
25
49
36
27
57
76
52
55
45
70
71
28
26
40
57
44
96
64
78
29
95
27
80
73
57
91
19
32
45
60
50
70
38
57
52
37
35
55
40
81
18
56
76
99
58
123
68
48
34
47
30
34
44
60
57
36
49
36
52
33
39
38
31
36
69
28
68
35
90
26
104
97
38
85
67
75
55
52
28
23
65
23
27
67
52
55
66
52
86
61
90
47
30
50
51
70
56
39
84
52
78
25
18
51
79
79
89
73
49
77
93
52
42
60
52
39
51
39
50
18
75
79
34
16
78
23
28
84
107
30
84
30
88
112
88
77
119
83
44
113
102
58
96
80
63
59
92
89
91
74
67
52
75
72
67
63
41
84
98
70
34
28
70
79
69
80
96
90
96
45
40
38
80
124
46
32
46
38
34
39
72
66
32
46
37
33
37
35
38
31
35
50
25
89
45
30
58
77
55
90
22
55
41
59
81
24
44
42
29
69
39
67
61
42
44
59
46
67
57
57
59
56
57
57
58
54
82
47
86
76
83
66
69
38
50
31
51
54
50
41
35
36
58
27
23
30
49
82
56
82
97
65
43
81
70
29
49
90
71
90
72
50
29
67
50
46
97
43
32
37
41
59
69
58
41
45
100
43
68
34
30
36
25
39
65
53
33
83
100
95
41
58
62
49
69
94
52
86
51
19
84
45
87
57
37
33
101
71
49
71
59
51
23
85
23
73
80
39
75
77
62
82
60
77
20
86
27
29
82
64
67
101
39
78
55
89
75
63
97
52
90
55
101
82
68
45
94
71
93
83
63
61
79
81
25
65
48
56
85
87
79
99
90
88
60
58
98
54
95
77
92
72
72
91
87
38
64
44
46
44
100
33
47
27
20
26
59
52
83
45
54
51
54
46
67
88
66
51
74
72
69
72
82
87
74
38
34
49
50
35
83
75
39
85
71
77
119
80
61
68
70
43
68
71
58
55
70
31
51
52
34
37
31
39
43
33
50
83
51
79
51
51
48
52
34
54
53
97
75
86
61
62
50
78
80
22
99
85
87
22
52
87
72
67
22
54
71
84
34
26
71
77
87
60
118
28
72
33
22
109
25
39
22
73
89
82
77
54
76
105
89
84
54
88
68
46
45
32
50
56
64
53
79
73
52
49
57
38
37
85
80
76
94
46
49
30
34
51
43
33
57
55
25
56
53
29
55
47
38
32
27
56
27
76
25
65
50
68
72
73
69
58
65
44
43
63
70
91
36
63
31
48
65
45
33
45
29
35
34
35
41
40
93
43
27
29
29
40
60
125
34
21
50
60
23
81
36
24
112
34
39
117
32
80
85
60
102
22
63
25
18
26
103
25
30
83
53
91
73
56
48
60
58
74
54
27
107
55
52
109
46
29
34
84
41
27
84
55
50
54
62
31
29
69
56
26
26
37
30
51
27
25
49
36
27
57
76
52
55
45
70
71
28
26
40
57
44
96
64
78
29
95
27
80
73
57
91
19
32
45
60
50
70
38
57
52
37
35
55
40
81
18
56
76
99
58
123
68
48
34
47
30
34
44
60
57
36
49
36
52
33
39
38
31
36
69
28
68
35
90
26
104
97
38
85
67
75
55
52
28
23
65
23
27
67
52
55
66
52
86
61
90
47
30
50
51
70
56
39
84
52
78
25
18
51
79
79
89
73
49
77
93
52
42
60
52
39
51
39
50
18
75
79
34
16
78
23
28
84
107
30
84
30
88
112
88
77
119
83
44
113
102
58
96
80
63
59
92
89
91
74
67
52
75
72
67
63
41
84
98
70
34
28
70
79
69
80
96
90
96
45
40
38
80
124
46
32
46
38
34
39
72
66
32
46
37
33
37
35
38
31
35
50
25
89
45
30
58
77
55
90
22
55
41
59
81
24
44
42
29
69
39
67
61
42
44
59
46
67
57
57
59
56
57
57
58
54
82
47
86
76
83
66
69
38
50
31
51
54
50
41
35
36
58
27
23
30
49
82
56
82
97
65
43
81
70
29
49
90
71
90
72
50
29
67
50
46
97
43
32
37
41
59
69
58
41
45
100
43
68
34
30
36
25
39
65
53
33
83
100
95
41
58
62
49
69
94
52
86
51
19
84
45
87
57
37
33
101
71
49
71
59
51
23
85
23
73
80
39
75
77
62
82
60
77
20
86
27
29
82
64
67
101
39
78
55
89
75
63
97
52
90
55
101
82
68
45
94
71
93
83
63
61
79
81
25
65
48
56
85
87
79
99
90
88
60
58
98
54
95
77
92
72
72
91
87
38
64
44
46
44
100
33
47
27
20
26
59
52
83
45
54
51
54
46
67
88
66
51
74
72
69
72
82
87
74
38
34
49
50
35
83
75
39
85
71
77
119
80
61
68
70
43
68
71
58
55
70
31
51
52
34
37
31
39
43
33
50
83
51
79
51
51
48
52
34
54
53
97
75
86
61
62
50
78
80
22
99
85
87
22
52
87
72
67
22
54
71
84
34
26
71
77
87
60
118
28
72
33
22
109
25
39
22
73
89
82
77
54
76
105
89
84
54
88
68
46
45
32
50
56
64
53
79
73
52
49
57
38
37
85
80
76
94
46
49
30
34
51
43
33
57
55
25
56
53
29
55
47
38
32
27
56
27
76
25
65
50
68
72
73
69
58
65
44
43
63
70
91
36
63
31
48
65
45
33
45
29
35
34
35
41
40
93
43
27
29
29
40
60
125
34
21
50
60
23
81
36
24
112
34
39
117
32
80
85
60
102
22
63
25
18
26
103
25
30
83
53
91
73
56
48
60
58
74
54
27
107
55
52
109
46
29
34
84
41
27
84
55
50
54
62
31
29
69
56
26
26
37
30
51
27
25
49
36
27
57
76
52
55
45
70
71
28
26
40
57
44
96
64
78
29
95
27
80
73
57
91
19
32
45
60
50
70
38
57
52
37
35
55
40
81
18
56
76
99
58
123
68
48
34
47
30
34
44
60
57
36
49
36
52
33
39
38
31
36
69
28
68
35
90
26
104
97
38
85
67
75
55
52
28
23
65
23
27
67
52
55
66
52
86
61
90
47
30
50
51
70
56
39
84
52
78
25
18
51
79
79
89
73
49
77
93
52
42
60
52
39
51
39
50
18
75
79
34
16
78
23
28
84
107
30
84
30
88
112
88
77
119
83
44
113
102
58
96
80
63
59
92
89
91
74
67
52
75
72
67
63
41
84
98
70
34
28
70
79
69
80
96
90
96
45
40
38
80
124
46
32
46
38
34
39
72
66
32
46
37
33
37
35
38
31
35
50
25
89
45
30
58
77
55
90
22
55
41
59
81
24
44
42
29
69
39
67
61
42
44
59
46
67
57
57
59
56
57
57
58
54
82
47
86
76
83
66
69
38
50
31
51
54
50
41
35
36
58
27
23
30
49
82
56
82
97
65
43
81
70
29
49
90
71
90
72
50
29
67
50
46
97
43
32
37
41
59
69
58
41
45
100
43
68
34
30
36
25
39
65
53
33
83
100
95
41
58
62
49
69
94
52
86
51
19
84
45
87
57
37
33
101
71
49
71
59
51
23
85
23
73
80
39
75
77
62
82
60
77
20
86
27
29
82
64
67
101
39
78
55
89
75
63
97
52
90
55
101
82
68
45
94
71
93
83
63
61
79
81
25
65
48
56
85
87
79
99
90
88
60
58
98
54
95
77
92
72
72
91
87
38
64
44
46
44
100
33
47
27
20
26
59
52
83
45
54
51
54
46
67
88
66
51
74
72
69
72
82
87
74
38
34
49
50
35
83
75
39
85
71
77
119
80
61
68
70
43
68
71
58
55
70
31
51
52
34
37
31
39
43
33
50
83
51
79
51
51
48
52
34
54
53
97
75
86
61
62
50
78
80
22
99
85
87
22
52
87
72
67
22
54
71
84
34
26
71
77
87
60
118
28
72
33
22
109
25
39
22
73
89
82
77
54
76
105
89
84
54
88
68
46
45
32
50
56
64
53
79
73
52
49
57
38
37
85
80
76
94
46
49
30
34
51
43
33
57
55
25
56
53
29
55
47
38
32
27
56
27
76
25
65
50
68
72
73
69
58
65
44
43
63
70
91
36
63
31
48
65
45
33
45
29
35
34
35
41
40
93
43
27
29
44
46
44
100
33
47
27
20
26
59
52
83
45
54
51
54
46
67
88
66
51
74
72
69
72
82
87
74
38
34
49
50
35
83
75
39
85
71
77
119
80
61
68
70
43
68
71
58
55
70
31
51
52
34
37
31
39
43
33
50
83
51
79
51
51
48
52
34
54
53
97
75
86
61
62
50
78
80
22
99
85
87
22
52
87
72
67
22
54
71
84
34
26
71
77
87
60
118
28
72
33
22
109
25
39
22
73
89
82
77
54
76
105
89
84
54
88
68
46
45
32
50
56
64
53
79
73
52
49
57
38
37
85
80
76
94
46
49
30
34
51
43
33
57
55
25
56
53
29
55
47
38
32
44
46
44
100
33
47
27
20
26
59
52
83
45
54
51
54
46
67
88
66
51
74
72
69
72
82
87
74
38
34
49
50
35
83
75
39
85
71
77
119
80
61
68
70
43
68
71
58
55
70
31
51
52
34
37
31
39
43
33
50
83
51
79
51
51
48
52
34
54
53
97
75
86
61
62
50
78
80
22
99
85
87
22
52
87
72
67
22
54
71
84
34
26
71
77
87
60
118
28
72
33
22
109
25
39
22
73
89
82
77
54
76
105
89
84
54
88
68
46
45
32
50
56
64
53
79
73
52
49
57
38
37
85
80
76
94
46
49
30
34
51
43
33
57
55
25
56
53
29
55
47
38
32
27
56
27
76
25
65
50
68
72
73
69
58
65
44
43
63
70
91
36
63
31
48
65
45
33
45
29
35
34
35
41
40
93
43
27
29
29
40
60
125
34
21
50
60
23
81
36
24
112
34
39
117
32
80
85
60
102
22
63
25
18
26
103
25
30
83
53
91
73
56
48
60
58
74
54
27
107
55
52
109
46
29
34
84
41
27
84
55
50
54
62
31
29
69
56
26
26
37
30
51
27
25
49
36
27
57
76
52
55
45
70
71
28
26
40
57
44
96
64
78
29
95
27
80
73
57
91
19
32
45
60
50
70
38
57
52
37
35
55
40
81
18
56
76
99
58
123
68
48
34
47
30
34
44
60
57
36
49
36
52
33
39
38
31
36
69
28
68
35
90
26
104
97
38
85
67
75
55
52
28
23
65
23
27
67
52
55
66
52
86
61
90
47
30
50
51
70
56
39
84
52
78
25
18
51
79
79
89
73
49
77
93
52
42
60
52
39
51
39
50
18
75
79
34
16
78
23
28
84
107
30
84
30
88
112
88
77
119
83
44
113
102
58
96
80
63
59
92
89
91
74
67
52
75
72
67
63
41
84
98
70
34
28
70
79
69
80
96
90
96
45
40
38
80
124
46
32
46
38
34
39
72
66
32
46
37
33
37
35
38
31
35
50
25
89
45
30
58
77
55
90
22
55
41
59
81
24
44
42
29
69
39
67
61
42
44
59
46
67
57
57
59
56
57
57
58
54
82
47
86
76
83
66
69
38
50
31
51
54
50
41
35
36
58
27
23
30
49
82
56
82
97
65
43
81
70
29
49
90
71
90
72
50
29
67
50
46
97
43
32
37
41
59
69
58
41
45
100
43
68
34
30
36
25
39
65
53
33
83
100
95
41
58
62
49
69
94
52
86
51
19
84
45
87
57
37
33
101
71
49
71
59
51
23
85
23
73
80
39
75
77
62
82
60
77
20
86
27
29
82
64
67
101
39
78
55
89
75
63
97
52
90
55
101
82
68
45
94
71
93
83
63
61
79
81
25
65
48
56
85
87
79
99
90
88
60
58
98
54
95
77
92
72
72
91
87
38
64
